# x
0.000000000000000000e+00
1.720209884643554688e+01
8.558258414268493652e-02
1.711651682853698730e-01
2.567477524280548096e-01
3.423303365707397461e-01
4.279129207134246826e-01
5.134955048561096191e-01
5.990780591964721680e-01
6.846606731414794922e-01
7.702432274818420410e-01
8.558258414268493652e-01
9.414083957672119141e-01
1.026991009712219238e+00
1.112573504447937012e+00
1.198156118392944336e+00
1.283738732337951660e+00
1.369321346282958984e+00
1.454903841018676758e+00
1.540486454963684082e+00
1.626069068908691406e+00
1.711651682853698730e+00
1.797234177589416504e+00
1.882816791534423828e+00
1.968399405479431152e+00
2.053982019424438477e+00
2.139564514160156250e+00
2.225147008895874023e+00
2.310729742050170898e+00
2.396312236785888672e+00
2.481894969940185547e+00
2.567477464675903320e+00
2.653059959411621094e+00
2.738642692565917969e+00
2.824225187301635742e+00
2.909807682037353516e+00
2.995390415191650391e+00
3.080972909927368164e+00
3.166555643081665039e+00
3.252138137817382812e+00
3.337720632553100586e+00
3.423303365707397461e+00
3.508885860443115234e+00
3.594468355178833008e+00
3.680051088333129883e+00
3.765633583068847656e+00
3.851216077804565430e+00
3.936798810958862305e+00
4.022381305694580078e+00
4.107964038848876953e+00
4.193546295166015625e+00
4.279129028320312500e+00
4.364711761474609375e+00
4.450294017791748047e+00
4.535876750946044922e+00
4.621459484100341797e+00
4.707042217254638672e+00
4.792624473571777344e+00
4.878207206726074219e+00
4.963789939880371094e+00
5.049372196197509766e+00
5.134954929351806641e+00
5.220537662506103516e+00
5.306119918823242188e+00
5.391702651977539062e+00
5.477285385131835938e+00
5.562867641448974609e+00
5.648450374603271484e+00
5.734033107757568359e+00
5.819615364074707031e+00
5.905198097229003906e+00
5.990780830383300781e+00
6.076363086700439453e+00
6.161945819854736328e+00
6.247528553009033203e+00
6.333111286163330078e+00
6.418693542480468750e+00
6.504276275634765625e+00
6.589859008789062500e+00
6.675441265106201172e+00
6.761023998260498047e+00
6.846606731414794922e+00
6.932188987731933594e+00
7.017771720886230469e+00
7.103354454040527344e+00
7.188936710357666016e+00
7.274519443511962891e+00
7.360102176666259766e+00
7.445684432983398438e+00
7.531267166137695312e+00
7.616849899291992188e+00
7.702432155609130859e+00
7.788014888763427734e+00
7.873597621917724609e+00
7.959179878234863281e+00
8.044762611389160156e+00
8.130345344543457031e+00
8.215928077697753906e+00
8.301510810852050781e+00
8.387092590332031250e+00
8.472675323486328125e+00
8.558258056640625000e+00
8.643840789794921875e+00
8.729423522949218750e+00
8.815006256103515625e+00
8.900588035583496094e+00
8.986170768737792969e+00
9.071753501892089844e+00
9.157336235046386719e+00
9.242918968200683594e+00
9.328501701354980469e+00
9.414084434509277344e+00
9.499666213989257812e+00
9.585248947143554688e+00
9.670831680297851562e+00
9.756414413452148438e+00
9.841997146606445312e+00
9.927579879760742188e+00
1.001316165924072266e+01
1.009874439239501953e+01
1.018432712554931641e+01
1.026990985870361328e+01
1.035549259185791016e+01
1.044107532501220703e+01
1.052665710449218750e+01
1.061223983764648438e+01
1.069782257080078125e+01
1.078340530395507812e+01
1.086898803710937500e+01
1.095457077026367188e+01
1.104015350341796875e+01
1.112573528289794922e+01
1.121131801605224609e+01
1.129690074920654297e+01
1.138248348236083984e+01
1.146806621551513672e+01
1.155364894866943359e+01
1.163923072814941406e+01
1.172481346130371094e+01
1.181039619445800781e+01
1.189597892761230469e+01
1.198156166076660156e+01
1.206714439392089844e+01
1.215272617340087891e+01
1.223830890655517578e+01
1.232389163970947266e+01
1.240947437286376953e+01
1.249505710601806641e+01
1.258063983917236328e+01
1.266622257232666016e+01
1.275180435180664062e+01
1.283738708496093750e+01
1.292296981811523438e+01
1.300855255126953125e+01
1.309413528442382812e+01
1.317971801757812500e+01
1.326529979705810547e+01
1.335088253021240234e+01
1.343646526336669922e+01
1.352204799652099609e+01
1.360763072967529297e+01
1.369321346282958984e+01
1.377879524230957031e+01
1.386437797546386719e+01
1.394996070861816406e+01
1.403554344177246094e+01
1.412112617492675781e+01
1.420670890808105469e+01
1.429229164123535156e+01
1.437787342071533203e+01
1.446345615386962891e+01
1.454903888702392578e+01
1.463462162017822266e+01
1.472020435333251953e+01
1.480578708648681641e+01
1.489136886596679688e+01
1.497695159912109375e+01
1.506253433227539062e+01
1.514811706542968750e+01
1.523369979858398438e+01
1.531928253173828125e+01
1.540486431121826172e+01
1.549044704437255859e+01
1.557602977752685547e+01
1.566161251068115234e+01
1.574719524383544922e+01
1.583277797698974609e+01
1.591835975646972656e+01
1.600394248962402344e+01
1.608952522277832031e+01
1.617510795593261719e+01
1.626069068908691406e+01
1.634627342224121094e+01
1.643185615539550781e+01
1.651743888854980469e+01
1.660302162170410156e+01
1.668860435485839844e+01
1.677418518066406250e+01
1.685976791381835938e+01
1.694535064697265625e+01
1.703093338012695312e+01
1.711651611328125000e+01
